Output2
Affine:
[[  1.08401292e+00  -3.54465427e-02   3.16630699e+02]
 [  2.41798745e-02   8.26321163e-01   3.44933055e+01]]
Homography:
[[  6.30633985e-01  -3.14478096e-02   5.03250785e+02]
 [ -1.63643906e-02   8.27663891e-01   3.87414247e+01]
 [ -1.03408937e-04  -1.02431425e-05   1.00000000e+00]]

IMG_1206.jpg
IMG_1205.jpg

Output
Affine:
[[  9.93282052e-01   1.22782000e-01  -1.67895245e+02]
 [ -7.22722130e-02   9.47581657e-01   5.25396292e+02]]
Homography:
[[  1.03098056e+00   4.06139183e-02  -1.68094985e+02]
 [ -5.15930463e-02   1.02049369e+00   5.13575756e+02]
 [  3.04008724e-05   8.00142127e-06   1.00000000e+00]]

IMG_1214.jpg
IMG_1215.jpg
